    1000 1.97e+05 3.15e+00
    1096 1.73e+05 3.04e+00
    1202 1.71e+05 3.29e+00
    1318 1.52e+05 3.21e+00
    1445 1.40e+05 3.24e+00
    1584 1.23e+05 3.11e+00
    1737 1.14e+05 3.16e+00
    1905 1.10e+05 3.34e+00
    2089 1.02e+05 3.39e+00
    2290 9.19e+04 3.37e+00
    2511 7.95e+04 3.19e+00
    2754 7.87e+04 3.47e+00
    3019 6.55e+04 3.16e+00
    3311 6.34e+04 3.36e+00
    3630 5.73e+04 3.33e+00
    3981 5.43e+04 3.46e+00
    4365 5.05e+04 3.53e+00
    4786 4.57e+04 3.50e+00
    5248 4.12e+04 3.46e+00
    5754 3.83e+04 3.52e+00
    6309 3.02e+04 3.05e+00
    6918 2.51e+04 2.78e+00
    7585 2.05e+04 2.49e+00
    8317 1.90e+04 2.53e+00
    9120 1.69e+04 2.46e+00
   10000 1.42e+04 2.27e+00
   10964 1.35e+04 2.37e+00
   12022 1.02e+04 1.97e+00
   13182 8.40e+03 1.77e+00
   14454 7.79e+03 1.80e+00
   15848 6.93e+03 1.76e+00
   17378 6.20e+03 1.72e+00
   19054 5.60e+03 1.71e+00
   20892 5.12e+03 1.71e+00
   22908 4.64e+03 1.70e+00
   25118 4.24e+03 1.70e+00
   27542 3.84e+03 1.69e+00
   30199 3.52e+03 1.70e+00
   33113 3.16e+03 1.67e+00
   36307 2.95e+03 1.71e+00
   39810 2.68e+03 1.71e+00
   43651 2.44e+03 1.70e+00
   47863 2.24e+03 1.72e+00
   52480 2.05e+03 1.72e+00
   57543 1.85e+03 1.70e+00
   63095 1.69e+03 1.70e+00
   69183 1.52e+03 1.68e+00
   75857 1.41e+03 1.71e+00
   83176 1.28e+03 1.70e+00
   91201 1.17e+03 1.71e+00
  100000 1.07e+03 1.71e+00
  109647 9.43e+02 1.65e+00
  120226 8.46e+02 1.63e+00
  131825 7.86e+02 1.66e+00
  144543 6.56e+02 1.52e+00
  158489 6.00e+02 1.52e+00
  173780 5.57e+02 1.55e+00
  190546 5.05e+02 1.54e+00
  208929 4.61e+02 1.54e+00
  229086 4.21e+02 1.54e+00
  251188 3.82e+02 1.53e+00
  275422 3.47e+02 1.53e+00
  301995 3.09e+02 1.49e+00
  331131 2.93e+02 1.55e+00
  363078 2.70e+02 1.57e+00
  398107 2.48e+02 1.58e+00
  436515 2.24e+02 1.56e+00
  478630 2.03e+02 1.55e+00
  524807 1.91e+02 1.60e+00
  575439 1.73e+02 1.59e+00
  630957 1.51e+02 1.52e+00
  691830 1.42e+02 1.57e+00
  758577 1.29e+02 1.56e+00
  831763 1.12e+02 1.49e+00
  912010 9.50e+01 1.38e+00
 1000000 7.70e+01 1.22e+00
 1096478 6.00e+01 1.04e+00
 1202264 4.90e+01 9.27e-01
 1318256 3.70e+01 7.78e-01
 1445439 3.40e+01 7.70e-01
 1584893 2.90e+01 7.32e-01
 1737800 2.60e+01 7.11e-01
 1905460 2.30e+01 6.92e-01
 2089296 2.10e+01 6.93e-01
 2290867 1.90e+01 6.90e-01
 2511886 1.70e+01 6.79e-01
 2754228 1.60e+01 6.94e-01
 3019951 1.50e+01 6.93e-01
 3311311 1.40e+01 6.92e-01
 3630780 1.30e+01 6.98e-01
 3981071 1.10e+01 6.88e-01
 4365158 1.00e+01 6.80e-01
 4786300 1.00e+01 7.00e-01
 5248074 9.00e+00 6.99e-01
 5754399 8.00e+00 6.75e-01
 6309573 7.00e+00 6.93e-01
 6918309 7.00e+00 6.80e-01
 7585775 6.00e+00 6.97e-01
 8317637 6.00e+00 6.99e-01
 9120108 5.00e+00 6.96e-01
